mpc_config:
  NX: 4
  NU: 2
  T: 6
  Q: [1.0, 0.0, 0.0, 0.0, 0.0, 1.0, 0.0, 0.0, 0.0,
           0.0, 1.0, 0.0, 0.0, 0.0, 0.0, 1.0]
  Qf: [1.0, 0.0, 0.0, 0.0, 0.0, 1.0, 0.0, 0.0, 0.0,
            0.0, 1.0, 0.0, 0.0, 0.0, 0.0, 1.0]
  R: [0.01, 0.0, 0.0, 0.1]
  Rd: [0.01, 0.0, 0.0, 0.1]
  dist_stop: 1.5
  speed_stop: 0.13888888889
  time_max: 500.0
  iter_max: 5
  target_speed: 2.77777777778
  N_IND: 10
  dt: 0.2
  d_dist: 1
  du_res: 0.1